scene_id,im_id,obj_id,score,R,t,time
000002,000003,9,1,-0.9904318001718433 -0.12435497406208816 -0.05983886391284015 -0.07839996844666079 0.8638598552944229 -0.4975938055867072 0.11357065710791944 -0.4881413635789499 -0.8653436976180962,70.38658820739288 135.20039362783226 1003.5395655676942,-1
000002,000008,9,1,-0.9922619273127935 -0.07980922791424282 0.0951144297424576 -0.10657325320052656 0.9405025389780529 -0.3226408465741646 -0.06370564580754923 -0.3302808824554785 -0.9417303910231811,-106.6591251395217 250.6440481204225 1005.9981727309936,-1
000002,000017,9,1,-0.9728577172994837 -0.2226524513182574 -0.06303766979202992 -0.057738951053052615 0.49736028786548914 -0.8656205621319607 0.22408497366430258 -0.8384859151925746 -0.4967165133167405,-9.701792776995845 129.72563420463806 943.1140475013266,-1
000002,000027,9,1,-0.686163356589409 -0.7267461507158599 0.03193556784583562 -0.3685419127487808 0.3094413665619079 -0.8765973415472856 0.6271815579411 -0.6132585695120607 -0.48016374321536953,187.40261120879097 203.43876445963417 940.313407426322,-1
000002,000036,9,1,-0.7083829301978044 -0.7041571418641632 0.04854218542736766 -0.6187334122529602 0.5864081886519817 -0.5227756697128404 0.3396506863914463 -0.40036003277499255 -0.8510871021171841,92.53117601315404 231.22781383714354 967.2310735735324,-1
000002,000038,9,1,-0.8866626600431905 -0.45792025697301986 0.06433012932442382 -0.4447939244029371 0.8065382109518568 -0.3894284004651075 0.12644244579795177 -0.37390527213231595 -0.9188074637116803,177.76987497322298 238.51109589073616 997.2011986220384,-1
000002,000039,9,1,-0.9120509715505816 -0.40718398425697594 0.04862333039041071 -0.3741548502135102 0.7777558042076935 -0.505078268274283 0.16784270420648606 -0.47884978018775126 -0.8617027994957405,222.66215089094135 266.5385930733356 957.9758029025626,-1
000002,000041,9,1,-0.9325001406172226 -0.35952586956893856 0.034418554001561644 -0.30102233609086254 0.7210106111001612 -0.624122785880608 0.1995721446576642 -0.5923553391264993 -0.780567813380151,279.07907760639256 185.70795378580553 962.0288493409018,-1
000002,000047,9,1,-0.9599328818723736 -0.2768842530655602 0.0431737501790916 -0.21728614640263821 0.6381402948289299 -0.7386228365662253 0.17696212273164857 -0.7184094059239288 -0.6727349646022098,264.48911358519103 85.52023056102362 925.3141599497479,-1
000002,000058,9,1,-0.9307715607447681 -0.2185732832759914 -0.2930699942790147 0.13870818061634788 0.5305587935438628 -0.8362221040031071 0.3382666734084975 -0.8189829585719314 -0.463511133879128,210.43618050688397 78.27049941718995 927.4935821716792,-1
000002,000061,9,1,-0.9516030736830481 -0.1784128723390982 -0.2502407583522076 0.129419468006938 0.5058917951888765 -0.8528329806365239 0.27875112817310077 -0.843944511531587 -0.4583180882290538,332.4327329786378 -13.851998871032208 902.4956027376002,-1
000002,000062,9,1,-0.9878016868489417 0.07816181677524611 -0.13467946338168357 0.15487095041966967 0.5831740916147201 -0.7974477836105974 0.016211606166373668 -0.8085782023204303 -0.5881653462741303,134.57688499160454 -36.46082831464124 1012.7286806430895,-1
000002,000064,9,1,-0.9914409790755014 0.07044927835641472 -0.10991671478383833 0.12932867287345146 0.41480871480104875 -0.9006707636522314 -0.01785719414138323 -0.9071772865896514 -0.4203694700061299,147.0242982889992 1.2329650315645841 1022.0890746314002,-1
000002,000065,9,1,-0.8385008423898257 -0.08480627214468703 -0.5382603770634373 0.4981437210267644 0.2810386725438062 -0.8202865948779264 0.22083743005469333 -0.9559420279178731 -0.1934054516995376,355.7353193381974 6.973708946160388 959.8809812903262,-1
000002,000069,9,1,-0.9387465330394705 -0.30141317818254987 -0.16704802520313947 0.11290101217454969 0.18899104590123406 -0.975466937430029 0.3255891708216605 -0.9345760967342639 -0.14338483621572917,208.1376326076307 165.91084810122783 970.1747846309895,-1
000002,000072,9,1,-0.7933319226843797 -0.38159804385648377 -0.4743494422625693 0.27968675626930206 0.4636204141546918 -0.8407326744849328 0.5407400288654998 -0.799649325957283 -0.26107695547213927,118.30510035483498 73.69931058067041 937.3227101576603,-1
000002,000079,9,1,-0.9037038818969654 0.3511284731567926 -0.24500630437385726 0.40512780093609185 0.5161088040816889 -0.7546543362745983 -0.13853071411438664 -0.7812429184881919 -0.608661435905882,134.96873060952385 -85.57362078948381 1189.7472488116266,-1
000002,000089,9,1,-0.4733859323679598 0.6097321606177155 -0.6357141270607173 0.7150485876258037 -0.15546105016296297 -0.681569790422501 -0.5144038067223654 -0.7772120394015273 -0.3623950461014309,-105.024294559534 -21.217269934908956 1213.3678969664527,-1
000002,000096,9,1,-0.8925225718333609 0.43301751598430355 -0.12609238525282365 0.18815145955811435 0.10340778532844686 -0.9766810422034501 -0.4098810644981229 -0.8954343419727934 -0.17376666015561293,31.70049185718762 70.79008480850489 1244.2843884112697,-1
000002,000097,9,1,-0.8990724450849267 0.38878966407522686 -0.20127427952245622 0.43288050216566953 0.7207266523543032 -0.5414495021984582 -0.06544623238819328 -0.5739300390242983 -0.816284938591763,182.74295912500338 -240.5332539971179 1037.6212787814309,-1
000002,000102,9,1,-0.9592475111506485 0.22619523361540125 -0.16935149435703406 0.2806444167753371 0.8324514458636844 -0.47776908817156943 0.032907805823503194 -0.5058263600971543 -0.8620074070138531,124.07553186946204 -246.9280242690138 1048.0018620883202,-1
000002,000107,9,1,-0.986980937306655 0.1351735262735732 -0.08715932071812163 0.15689608012604966 0.9283987949508316 -0.3368371974336019 0.03538713656622943 -0.3461268486098857 -0.9375201092440804,0.7175479968153747 -183.019493483556 1047.1490744558287,-1
000002,000110,9,1,-0.9570385210933681 0.19933817209897578 -0.2105743628451907 0.2899544765313208 0.6531185611688433 -0.6995445279581479 -0.0019159026245212513 -0.7305480396257179 -0.6828586172233269,95.05610996002967 -128.0942250952626 1153.0107847223182,-1
000002,000119,9,1,-0.9265039488949788 0.29579741966023837 -0.23258185484761149 0.3762126814219386 0.7160628955123803 -0.5879778465280311 -0.007379093394554392 -0.6322640399332945 -0.7747178407574618,110.54552530889639 103.32311476379726 846.9889109032159,-1
000002,000124,9,1,-0.9557837805612428 0.28128828142932366 -0.08575702622290339 0.29097045858180753 0.9468335715765268 -0.1372675488537947 0.0425858785133139 -0.15615085803854525 -0.9868147508448966,-41.503102756344155 182.07769249488518 964.9370067471623,-1
000002,000126,9,1,-0.8795997689668049 0.4742709668290902 -0.03703102019312207 0.46140713878029926 0.8316092451081251 -0.30907849445289914 -0.1157916176418701 -0.2889517493868019 -0.9503153096789433,65.5706569403058 145.82286016470124 934.0608713866893,-1
000002,000136,9,1,-0.8951860881788902 0.0391513543000178 0.443969637461224 -0.2655982810703338 0.7530761857466184 -0.6019417011254564 -0.35790979397532574 -0.6567674092993643 -0.6637447924155344,-209.94360576727553 105.51107720408103 889.1103589357111,-1
000002,000162,9,1,-0.9742389787071118 -0.21834602842806683 0.056421841847049015 -0.21562953095761028 0.8286226824760611 -0.5166123841577721 0.06604784437606245 -0.5154701368225576 -0.8543583676054265,101.26510255701211 -44.82241125170393 1051.2464431920578,-1
000002,000166,9,1,-0.9712747024458881 0.23077012266372238 0.05805689342724278 0.13954480853105133 0.7499847383294895 -0.6465679691145239 -0.1927503535682462 -0.6198935737355391 -0.7606439761417283,7.051071056003652 -60.3020167664204 1024.2009171438635,-1
000002,000175,9,1,-0.9975787316802979 -0.028488791935351438 0.06344338289524315 -0.04408648783370356 0.9645817193291799 -0.26007400548008086 -0.05378713312323761 -0.262241292457974 -0.9635021789494586,58.44207467251113 -17.73790970240308 969.1793109257634,-1
000002,000176,9,1,-0.9965653391477259 -0.05871801290585679 0.05839280580487469 -0.0746568529268285 0.9421669554366999 -0.3267227913602006 -0.035831258984859435 -0.32996003249412936 -0.9433146335322236,26.03062752156075 -103.77518359994635 1005.8505213914915,-1
000002,000178,9,1,0.44890612938759855 -0.8292198340862547 -0.3329831133198945 -0.858553933691985 -0.29693917656757995 -0.4179859667038916 0.2477265224804649 0.47352042424517676 -0.8452277668666616,338.80307118534563 134.74581536926442 972.1824372278486,-1
000002,000203,9,1,-0.548560589025562 -0.8188431003895522 -0.16904809112307065 -0.7828703651100768 0.5740170136114314 -0.24003845424645645 0.29359031251106227 0.0006671049684583152 -0.9559311080672173,241.93017701333756 -56.594493228133146 894.8245149365017,-1
000002,000207,9,1,-0.16812504521708233 -0.8457835733561712 -0.5063438715059367 -0.6490071109085487 0.48159327028521104 -0.5889462556177218 0.7419728695585124 0.22960415731615633 -0.6298874437407407,258.0928738915365 -104.10449043377695 943.6621159502779,-1
000002,000217,9,1,-0.3857817973220625 -0.8929217823287611 -0.23208424224360413 -0.1685338618763227 0.315530773174316 -0.9338290360558892 0.907066007662073 -0.3211401902952155 -0.2722135851149629,95.41507699717256 74.0216842618363 960.766329828625,-1
000002,000219,9,1,-0.23316913528701122 -0.9579826117062924 -0.16703733121041675 -0.07844008093094068 0.1897409644873802 -0.9786958261374912 0.9692674079185037 -0.21509923771085254 -0.11938597021072134,117.8030920508663 42.266600921696266 872.3073995484912,-1
000002,000221,9,1,-0.5244687219045173 0.6849144428927889 0.5057912273465237 0.7483309413251151 0.08745740879807784 0.6575347929210993 0.40611988623965367 0.7233556577252898 -0.5584113451905363,-124.73952592181709 -227.0156551189464 -2415.951838968095,-1
000002,000224,9,1,-0.25049070593540834 -0.794144876650879 0.5537041819682611 -0.5821645542978826 -0.33341605427498855 -0.741564674503071 0.7735236505493084 -0.508102007121462 -0.3788053753578656,122.68025915782782 -7.533260677127983 862.8899503137158,-1
000002,000254,9,1,-0.9736907143282539 0.19840737092905028 0.11207545668859357 0.09421591120109582 0.7983460659297984 -0.5947830874284855 -0.20748434858437342 -0.5685754779934117 -0.7960352824574308,8.321085496918784 -157.00446324951184 943.0404154818948,-1
000002,000263,9,1,0.1892772885326186 -0.9775388738292016 -0.09269227690846882 -0.4013488024367792 0.009133924229123291 -0.9158797465883499 0.8961547002768568 0.2105571693885369 -0.39060521193499687,125.75278778010163 23.019310717906812 925.1382069333814,-1
000002,000266,9,1,-0.9137538790797216 -0.406214237297594 0.006621320374017456 -0.3663988464728918 0.8169316831309342 -0.4453925351868771 0.17551562258128384 -0.40940520088732785 -0.895310922370721,136.9963516043929 -115.30559108941385 847.6714980276957,-1
000002,000268,9,1,-0.7998953134617699 -0.5939126471414642 -0.08622792510153214 -0.5489233673629712 0.7821196094368529 -0.2949102461720192 0.2425914760761253 -0.18856480079739996 -0.9516263403434373,127.27893047317768 -121.55706375264589 819.4054540925802,-1
000002,000277,9,1,-0.4433463719610355 -0.895083170025975 -0.047645705003061145 -0.5419195172083967 0.3100017099767235 -0.7811671886863435 0.7139798535936468 -0.3205075015467794 -0.6225011727817352,147.99867295214565 -2.770249360303804 810.6316308440555,-1
000002,000283,9,1,-0.5815189285911265 -0.5743745362973158 -0.5761333419821075 0.04026644797933082 0.6869975904402237 -0.7255431923024673 0.8125357523563848 -0.4451159430783971 -0.37637408035101605,104.015651513996 -68.06234216839 877.9189768793613,-1
000002,000307,9,1,-0.9692272929214509 0.243495808128825 0.03616968454170413 0.21701037876650386 0.9145177319883063 -0.34141443054824544 -0.11621080054699937 -0.32305898734233446 -0.9392166632537835,-94.45014902799058 -100.81065371058591 808.0604045587813,-1
000002,000310,9,1,-0.964886389951302 0.26209618210773544 0.017316056459038366 0.22098507845728982 0.8456387482984307 -0.4858607850768455 -0.14198538511399442 -0.46497386883653147 -0.8738646644150446,-33.60308858599196 -150.38470145421732 851.8637509574194,-1
000002,000338,9,1,-0.9952963883625763 0.09531676602191597 -0.017315121354907315 0.07972573673740757 0.7043622169248848 -0.7053493278300755 -0.05503549958062909 -0.7034120993299626 -0.7086483699989194,-71.86741908355953 59.158023166844856 588.1907667359088,-1
000002,000342,9,1,-0.953367899811663 -0.3016461697280648 0.009961721592497363 -0.26706235043684023 0.8277685828088981 -0.4934337587698062 0.1405964031824756 -0.47308430707743465 -0.8697263304104426,-152.56426283142284 50.32817970909813 614.1294935207952,-1
000002,000356,9,1,-0.8843848032618097 0.4663292417296917 0.02001394682167887 0.07847368313943359 0.19081851150503826 -0.9784836108599537 -0.46011455183910666 -0.8637854675640315 -0.20535156491024276,-140.83410484864183 -70.738768802494 758.2983601619483,-1
000002,000362,9,1,-0.6889627178649 0.7235519016678716 0.04246197104488675 0.08610272689295739 0.13987502329597612 -0.986418419474995 -0.7196642924404455 -0.675949423737277 -0.15866846799360057,-150.16872330023904 -56.248185429491144 720.6949385604378,-1
000002,000365,9,1,-0.2652119745805325 0.8478371262355993 -0.4591675248922289 0.4554005064208668 -0.3096083270862847 -0.8347173548875392 -0.8498664526210651 -0.4304821612743003 -0.30399362087697535,-206.49727511754028 -54.994923065347706 709.586675093773,-1
000002,000368,9,1,0.5272763811126154 0.8176980335065414 -0.2309752019596896 0.6491107110533318 -0.5630492282246466 -0.5114986328344072 -0.5483018354124144 0.11977267048523546 -0.8276591114028848,-49.64385346603872 -2.306893088088463 634.9069836910105,-1
000002,000387,9,1,-0.6471919337388142 0.6177785640774597 -0.44664554925556615 0.6577763598107692 0.1564000828449721 -0.7367966303941541 -0.38532176343610275 -0.7706417195120429 -0.5075810071013434,-254.03265246346297 -71.93385157240539 756.3858124375957,-1
000002,000389,9,1,-0.9498167339348601 0.22659176834291 -0.21564865512343942 0.2645864036970302 0.21422329824798958 -0.9402672032281172 -0.16685984213101504 -0.9501392261174075 -0.26342597456785966,-57.83975796398052 -74.32403573967196 798.8248468366762,-1
000002,000402,9,1,0.9249664283124406 0.3663332464809443 -0.10117835251504267 0.3376891291881761 -0.9143534061699554 -0.22343656964233022 -0.17436501519243416 0.17250449602295104 -0.9694529593171656,108.99926770531495 221.83340094883002 1009.5504707122378,-1
000002,000415,9,1,0.7654184620531069 0.5876384391584673 -0.26232735803125296 0.2437593943817485 -0.6420072118036098 -0.7269168436917653 -0.5955803351344804 0.4924508146155874 -0.6346465627304261,127.35620581898648 119.87804519974301 908.6754601714484,-1
000002,000417,9,1,0.5949909677377289 0.7701509838967107 -0.22989826078822367 0.33286514849737214 -0.49647403277683 -0.801694659888747 -0.7315644477599661 0.4004759628008151 -0.5517539868387145,98.0213511364627 119.56355988658318 939.738475104889,-1
000002,000425,9,1,0.6284779271463823 -0.4056932294255795 -0.663647872510739 -0.7340325989013174 -0.02708752037845058 -0.6785738058530733 0.25731622342938965 0.9136078315327594 -0.3148159642109107,42.25141885740196 69.98776600613887 978.796050394972,-1
000002,000428,9,1,0.9395539805891719 -0.00647513300419969 -0.3423395831796557 -0.3180547817670877 -0.38677871389229246 -0.8655884601096034 -0.12680486329054064 0.9221498246664704 -0.3654589272592273,-69.42497515508079 107.20133210122214 1050.3272119778055,-1
000002,000434,9,1,-0.019049626814848564 0.9239983850721749 -0.3819215837082633 0.3457031857559865 -0.3523427909046011 -0.869680323484278 -0.9381505311389942 -0.14859859380751056 -0.31271718667520265,285.0658610977872 17.315527411217403 870.5382181236299,-1
000002,000435,9,1,-0.030339162562848188 0.920816238926034 -0.3888148522691724 0.33313163582704675 -0.35743842040055246 -0.8725027729656532 -0.9423920884781352 -0.15599753123582172 -0.2959086376267982,289.00909531382047 24.94147811485891 832.5274047231775,-1
000002,000438,9,1,0.3000762050197836 0.9122743943774466 -0.2787645970064848 0.34464597659314633 -0.37617583496434404 -0.860064469680637 -0.889479298240876 0.16200978535922334 -0.4272931165473849,194.22769347292672 58.06518761512846 899.4162297479335,-1
000002,000446,9,1,0.9203546075212751 -0.38786115228365775 -0.050111106189685714 -0.30471045601846075 -0.6308551344558689 -0.7135638284860644 0.2451508401115166 0.6720011353263184 -0.6987957782591111,146.50917310427252 53.23306122409685 899.3761101469842,-1
000002,000453,9,1,0.9555115565139901 -0.21469038698278992 0.2022515836906881 -0.1381552102406206 -0.9316020158547685 -0.33620056802257386 0.2605970131286647 0.2933014179858517 -0.9198170877712085,22.897455857226 175.698448917358 1055.9708587040097,-1
000002,000473,9,1,0.9012257348171926 -0.23456222581601732 -0.36437993512739986 -0.43288092970333264 -0.4481745698270714 -0.7821468248733726 0.020156279477890282 0.8626239720646277 -0.5054439704033019,-15.0948473472816 33.61369444381934 1007.4723795897697,-1
000002,000474,9,1,-0.13162394453275572 0.9427568607658448 -0.30640600304916954 0.7339899794502527 -0.1150664488002 -0.6693417829682595 -0.6662836087525009 -0.31300034159636414 -0.6768285889856483,208.0343962708342 37.214341096240005 818.8202921002884,-1
000002,000476,9,1,0.14683356170693573 0.9811078572682027 -0.12596538239949423 0.7594745326744375 -0.1934099949094924 -0.6211207677159527 -0.6337494294872381 -0.004466125357132922 -0.7735255098242685,373.8013516011597 -75.60807243010635 906.5799039982331,-1
000002,000477,9,1,0.4565274063980882 0.8817718736406002 -0.11857946729421714 0.5864512823716586 -0.3984624144514303 -0.7051968503008034 -0.6690722088176075 0.2524006084102849 -0.6990252586724216,285.8308863466992 -184.0378359891322 1039.643161150302,-1
000002,000480,9,1,0.44439231284881686 0.8816444712722695 -0.15880333294965665 0.4459349281462089 -0.3714550398121176 -0.8143483242798585 -0.7769539961542862 0.2910741824230011 -0.5582278282087583,225.80975400083173 -208.2560477337831 1051.5987983426492,-1
000002,000491,9,1,0.22834430292385866 0.9562909055772029 0.18266522173788535 0.7534990197013252 -0.05477587967337216 -0.6551632089145045 -0.6165209701472933 0.28724085175396247 -0.7330720199627718,50.730612232021834 60.41280645338327 1043.792386312162,-1
000002,000494,9,1,0.1561616390229999 0.9776649218028832 0.14065860504715916 0.13051851792964508 0.12073212515148785 -0.984067411529238 -0.9790702012496852 0.17203213255833322 -0.10874965007912829,-79.49865522194429 157.72717710556014 950.491283018119,-1
000002,000499,9,1,8.685803298053019e-05 0.999676959182348 0.025415934679177965 -0.004577967511529779 0.02541606594758994 -0.9996664772839046 -0.9999895172796289 -2.952425938301806e-05 0.0045786962306559875,-103.01483717316631 256.3302380756361 1052.0117323359361,-1
000002,000501,9,1,-0.53373000378378 0.8404351590527891 -0.09381378624103898 0.3508574495511326 0.11913719596184169 -0.9288193466077375 -0.7694357238622604 -0.5286540191526619 -0.3584600324698647,194.2388635087593 8.47922257399521 748.3226880953989,-1
000002,000503,9,1,-0.3033839491187269 0.9378335751293765 0.16860120040254184 0.19441470305816339 0.23414170023551983 -0.9525652667642392 -0.9328242613975752 -0.25621446011275834 -0.2533634696975786,146.03695923942396 97.69419414236444 998.7879738206395,-1
000002,000521,9,1,-0.74856590436468 -0.6227460625444253 0.22767614808781242 -0.5521979017670043 0.39542297292289486 -0.7339742160109832 0.36705117368945517 -0.6751503640451024 -0.6398792244032925,-102.36552146585983 -94.49603095143351 911.5640253328781,-1
000002,000532,9,1,-0.7516970030891921 0.6591077150921816 -0.022992073692701814 0.621574397186963 0.6963764511183578 -0.3587549401603609 -0.2204470102051524 -0.28396629770760506 -0.9331485720172567,127.63667968680956 14.229158659755644 905.0173412642837,-1
000002,000535,9,1,-0.6229272437161226 0.7711458608386216 -0.1315131565574177 0.7822525963379438 0.6154414104093834 -0.09650256927074766 0.00652108570565775 -0.16299058765698946 -0.9866060732513502,175.95291089569673 125.67671994766454 989.14691039988,-1
000002,000540,9,1,-0.962891081868469 -0.11240203310858447 0.24537022519292373 -0.25247777649168635 0.6964128592774281 -0.6717619383463543 -0.09537157247305662 -0.7087841084463545 -0.698948746889157,-62.80191922242219 49.781630990242725 797.624627839173,-1
000002,000560,9,1,-0.060470987581994096 -0.9973707729245312 -0.03993495933116126 -0.47861857948511977 0.0640813219146944 -0.8756813573174387 0.8759380771678467 -0.0338397029772502 -0.4812352433788563,209.55016210761858 129.76092165738893 742.5771387512218,-1
000002,000563,9,1,-0.5061386714778184 -0.8178884368706634 -0.273646030608762 -0.24176308187796064 0.4391171214022145 -0.8652899895019601 0.8278733341976532 -0.37179921802593235 -0.41998938557988064,130.30262371252695 13.69484160890727 745.9730548930725,-1
000002,000571,9,1,-0.9947450427062384 0.0685964931244968 -0.07600540206054267 0.09672323143256907 0.38622623682862334 -0.9173188706695411 -0.033569577188364466 -0.9198498872730384 -0.39083150892830165,-11.83954310733046 146.26373242354595 791.2238838729129,-1
000002,000589,9,1,-0.8241284952247805 0.5652737739415472 -0.03574610261860109 0.5268695486108823 0.7419138902219088 -0.4146953800590949 -0.20789589246809098 -0.3605958124960309 -0.9092579160530984,63.00255671867355 97.86716964145322 747.1130364582826,-1
000002,000603,9,1,-0.9224111680317583 -0.37594455815368455 -0.0884495691618575 -0.041780694029043275 0.32481130891715904 -0.9448555377442486 0.3839427179889453 -0.8678498158057951 -0.315316803404304,-102.72189405280191 7.390526419574578 770.065119396889,-1
000002,000607,9,1,-0.16290514972025372 0.942094425186461 -0.2931211459912311 0.393515103801546 -0.21039703267502996 -0.8949184050636126 -0.9047694597380482 -0.26113441495546563 -0.33645362540948565,88.41368700111596 -17.464086051506992 688.7885971469024,-1
000002,000611,9,1,-0.2733826231769232 0.9163660464640125 -0.29246403237461477 0.40564611994161937 -0.16585784471377052 -0.8988561624215592 -0.8721887219640103 -0.3643685554967911 -0.3263776785320469,71.52883896484384 -34.99902753102507 649.698963396697,-1
000002,000615,9,1,0.24453626688157148 0.9482555448434588 0.20251774207031795 0.8322211841300505 -0.09806845990312218 -0.5457018213799603 -0.4976041748868283 0.3019834413438338 -0.8131396474710443,142.6826108343184 -44.117670855111754 813.9646966384616,-1
000002,000625,9,1,0.20959489388154273 -0.9753081474583277 0.06959883591116656 -0.3496441522390473 -0.1412316948682245 -0.9261763196981914 0.9131368721412045 0.16978700146375592 -0.3706122324885189,67.58771455082717 3.8602190252347994 751.326174808932,-1
000002,000642,9,1,-0.9125151820554679 0.385189652563404 0.13764074279209798 0.23967133027063803 0.7761746278797956 -0.583190020903962 -0.3314720138481967 -0.49918120817369016 -0.8005900483029226,72.13053714877636 57.24029526410763 739.1995668534541,-1
000002,000648,9,1,-0.8626012622380864 0.4973423879233263 0.09257219647379977 0.15079832436518034 0.42746145510310585 -0.8913678083539864 -0.4828860401315346 -0.7549352644934921 -0.4437271894646835,120.06562048938683 3.28132570713553 666.864349533775,-1
000002,000649,9,1,-0.9226223474442359 0.3840348972857991 0.035849709387572926 0.22205912467223718 0.6048726831519647 -0.7647344521638494 -0.3153692266951351 -0.6976003403405339 -0.6433475079694362,96.73630443655601 45.247790359021174 618.2659332451384,-1
000002,000650,9,1,-0.8615657259741986 0.5054786701243796 0.046859512116971896 0.06287781313529889 0.19785587184666997 -0.9782123668156707 -0.5037369159014202 -0.83984782432598 -0.20224923122979444,98.95778280845843 49.23632027628322 634.9227143168887,-1
000002,000652,9,1,-0.941805396910432 -0.3354925173534261 -0.0211510082559873 -0.280249554219967 0.8183580508035606 -0.5017472352136144 0.1856415409058369 -0.4666206933740267 -0.8647556572843274,-55.51992859840975 77.82342733559425 664.303837962072,-1
000002,000667,9,1,-0.1834800016326703 0.9816439241380517 -0.052060495615412206 0.391194229341201 0.024327928096267715 -0.9199865362301161 -0.9018326695851171 -0.18916489663092856 -0.38847712667748024,45.01810790142681 57.933932876742574 593.0996759261386,-1
000002,000669,9,1,0.12740534392647807 0.9914769204173867 -0.027228562551692204 0.646369950400847 -0.10381868124811544 -0.755928282737661 -0.752312279281538 0.07870957821991975 -0.65408794266418,-150.84967582431014 7.523623575411571 659.5365852672633,-1
000002,000679,9,1,0.3162869246820065 0.9486630835745118 0.0009670253861789879 0.5610598409797105 -0.18623675518563065 -0.8065529901114676 -0.7649669509952836 0.2556447239448258 -0.5911610093740564,81.08279152490924 -88.5834031506419 746.996424790047,-1
000002,000691,9,1,0.9974770575297742 0.04638826556791882 -0.05373684508178938 0.03444750262759551 -0.9781612272167456 -0.20497312783033758 -0.06207164622003992 0.20260489230872572 -0.9772913426139126,-28.866543920057996 71.33643669085951 680.7844453913357,-1
000002,000695,9,1,0.950547328483258 -0.13955274222638864 0.27746136388772635 -0.00819122022183666 -0.904319747209134 -0.4267771066011922 0.31047170599689045 0.4033990914029221 -0.8607418270484346,4.763932576896756 55.03362357154712 633.9236169297316,-1
000002,000703,9,1,0.8320344987569978 -0.5429205394692396 -0.11382390214985702 -0.3754529775815686 -0.4001133484867817 -0.8360289289180304 0.40835481447305666 0.7383404338007805 -0.5367492424881013,167.0295819181866 192.60354068060795 943.8073491894454,-1
000002,000708,9,1,0.693326579659157 -0.7177811884738482 -0.06394074922303986 -0.6376240904502356 -0.5697097897178606 -0.5185231670592361 0.3357585043087419 0.4002760559572615 -0.852669517346349,150.97458245429937 189.33972770381814 988.9492215427978,-1
000002,000711,9,1,0.9848391436624907 -0.15281384491767508 0.08209622349175441 0.01572189125852111 -0.39268186592338794 -0.919539979723656 0.17275613808309845 0.9068896740929423 -0.3843259499151863,8.09626524311776 250.19803739571725 927.1595903931192,-1
000002,000740,9,1,0.9437173621883759 0.32597367011835676 -0.056024161696381664 -0.012759355964030772 -0.13337816672192243 -0.9909830793092695 -0.33050679136682914 0.9359227698007286 -0.12171207758039242,-143.93682364598396 210.6438247114331 923.5852898921156,-1
000002,000750,9,1,0.9893378852342456 -0.1451099797990785 -0.012395265343756977 -0.09893495512511755 -0.6071802378985651 -0.7883806398941015 0.10687573856877944 0.7812011600530001 -0.615062861858221,45.43540643416291 108.09829436498572 815.8136721388313,-1
000002,000754,9,1,0.982526208451794 -0.1650457676043407 -0.08603571526544121 -0.18602758899735117 -0.8559044160122526 -0.4825156648053586 0.005998819648455271 0.4900893033382983 -0.8716515868833181,101.32312856963617 48.84747399507612 926.1764545499597,-1
000002,000756,9,1,0.986402615797075 -0.15655890581868392 -0.04999188491689946 -0.12943192130011394 -0.5525793744004324 -0.8233489009744216 0.10127811855109267 0.8186240553490248 -0.5653294603208535,59.855743617024814 51.010447109129 864.1203668675008,-1
000002,000757,9,1,0.9985289528486608 -0.03239510171261467 -0.04347973905150727 -0.054151904561816844 -0.5553156598595175 -0.8298747430468749 0.0027388967278260817 0.8310084688496371 -0.5562530207961988,71.68282450507007 20.379332996155085 878.660970918747,-1
000002,000758,9,1,0.9993682568260941 -0.016653798188397958 0.0313964688185476 0.013275118293112472 -0.6445499055932028 -0.7644469834030986 0.0329675368002796 0.764380841077073 -0.643921634449122,57.488819764437125 -13.25134295022718 928.7970656903439,-1
000002,000761,9,1,0.9860075405780879 0.1507415809803191 0.0711765810270758 0.11678011715396092 -0.3199135696937382 -0.9402221610679663 -0.11896022091715008 0.9353781501026007 -0.33304081153813453,17.070752649003357 120.05546153510608 892.1569025997807,-1
000002,000762,9,1,-0.9276146201860355 0.37347071964990775 -0.007123059826865397 0.14824609011254705 0.35057191549583755 -0.924728300005965 -0.34286179895616786 -0.8588474565542821 -0.38056120820018013,39.2630903910321 23.176672135542884 908.7551698757177,-1
000002,000764,9,1,-0.7908492326280476 0.6107628909662824 0.03906638286477407 0.3660160110629537 0.5231655995936376 -0.7696298038975574 -0.49049951161768945 -0.5943622181972353 -0.6372941100327776,200.55121073792066 129.04108224056034 1018.5146461944883,-1
000002,000768,9,1,-0.7803295197737089 0.6247311057322922 -0.02822917108666556 0.5402599560827535 0.6507096764858467 -0.5335692052406559 -0.3149682847894276 -0.431610892423015 -0.845285169110765,182.0948169296608 -23.129002695412716 1039.3223867696584,-1
000002,000769,9,1,-0.8574523785136063 0.5123975708773589 -0.04716087298111722 0.4651503289001151 0.7326597832610942 -0.496834794993186 -0.2200240671051098 -0.4479490722736105 -0.8665627724197121,179.69630392844996 -21.379231784723896 1032.4083670685272,-1
000002,000770,9,1,-0.6861975282601748 0.7274014705354723 -0.0044780433739596 0.6295107120536403 0.590744695378637 -0.5047147395229514 -0.36448486336108066 -0.3491529830100756 -0.8632745674672806,149.6073361120263 10.707948616090022 892.6854367109256,-1
000002,000773,9,1,-0.9564406291771744 0.10964147914169495 0.2705551125201516 0.007441742370870343 0.935646526092537 -0.3528600270382763 -0.29183204644051036 -0.335476264827467 -0.8957062757443173,99.28028059746477 140.39372633694515 1010.1933261186927,-1
000002,000775,9,1,-0.8967763688682927 0.4242765168538554 0.1256247646197191 0.38020849509375093 0.8840862591273344 -0.27172226018635265 -0.2263485023099222 -0.1959104991280327 -0.9541412012031868,267.733383211615 85.20561915276645 1021.5414696901291,-1
000002,000785,9,1,-0.7628922396674979 0.643694957233383 0.06043370489571498 0.28487344667828696 0.41858679748064676 -0.8623411229626761 -0.5803813832582351 -0.6406573928452002 -0.5027082205017622,369.10262375411804 81.27054689108205 1037.6601413367266,-1
000002,000788,9,1,-0.9366340845583827 0.3502523528621159 0.006315137214043587 0.11710051748229484 0.3300351316458976 -0.9366772553472483 -0.3301576296996014 -0.8765843377530923 -0.35013688517080543,176.10114968810004 75.59181311315085 840.5855448653192,-1
000002,000791,9,1,-0.8813980059035562 0.46747702830387505 0.06784381473216769 0.1450675173155128 0.40455614603662104 -0.9029339622164568 -0.4495475176320609 -0.7860022599917728 -0.4243907122907823,189.27966511378074 -4.25032455004647 954.4654690474472,-1
000002,000794,9,1,-0.6646379589586819 0.7007375207087606 0.2592745852994013 0.20266355917217072 0.5030779448561784 -0.8401428825997108 -0.7191549661198936 -0.5058453404650702 -0.4763786584586591,-160.21570414369847 40.03980326288794 914.4629986795444,-1
000002,000801,9,1,-0.7696845443557748 0.6345927167566792 0.06984114846722178 0.08823751825951731 0.2140869170908869 -0.9728211204028835 -0.6322972738761766 -0.7426027711838256 -0.2207742776658057,-81.2002860879269 87.59274966371194 1013.5514013365965,-1
000002,000803,9,1,-0.8877897122747882 0.45080389002165544 0.0927646458538589 -0.003914608874389186 0.19414969583126784 -0.9809641030363888 -0.46023266139683006 -0.8712529760924604 -0.17059938169179079,-76.57355537149522 150.829075497746 1002.3581122105558,-1
000002,000804,9,1,-0.9537907176627665 0.2888026042322761 0.08292359549006678 -0.005799980225436985 0.25823066621268775 -0.9660658793564421 -0.30041575712623575 -0.921905623594957 -0.244622963055932,10.07889381763604 92.51641010815106 1045.1331931547038,-1
000002,000808,9,1,-0.8195587044325311 0.5484953291089578 -0.16576007943569293 0.34696210290140833 0.24482059053998528 -0.9053619042117277 -0.4560052950779231 -0.7995096949964454 -0.3909519388206014,157.03087473508907 -93.49633405033678 980.9373487385702,-1
000002,000809,9,1,-0.9369451256766141 -0.34341489739486575 0.06480771341520708 -0.31240063442599875 0.7398940221245209 -0.5957874450125922 0.15665144455467767 -0.5784661133304809 -0.80052312936433,-50.363323677581484 107.86835713965064 890.4705164327564,-1
000002,000819,9,1,-0.9950604287658978 -0.05599922249944992 0.08196847066820719 -0.0778581920789364 0.952493458900449 -0.29443897954934317 -0.061586078219245985 -0.2993664941694648 -0.9521485478318269,107.81796855954951 232.1720794193357 909.1762370336812,-1
000002,000821,9,1,-0.9965520435997199 -0.037478178327520595 0.07402304064595329 -0.07615172931665526 0.7673401645556999 -0.6367024312673181 -0.03293840492957659 -0.6401440915988225 -0.767548437215407,175.45036140207236 131.54005756425332 945.5347413869039,-1
000002,000828,9,1,-0.9413194956302808 -0.33352983067870345 -0.051724841167364644 -0.14836871410898422 0.54655577528327 -0.8241744409881624 0.3031572724181299 -0.7681371209308523 -0.5639689988182515,65.13443570278665 90.12890513024126 854.2842132382058,-1
000002,000837,9,1,-0.4150487678024185 0.9093920236552278 -0.027215210047758787 0.7020464276482341 0.3011026526445927 -0.645343324128128 -0.5786754995436101 -0.2869552924806217 -0.7634077065011291,169.20401069385682 -49.969997901414516 962.4057549309484,-1
000002,000840,9,1,-0.7208621843340428 0.6851307690183798 -0.10465916367636502 0.47439252114756647 0.377662180215923 -0.7951874077937924 -0.5052815522819019 -0.6228700562547851 -0.5972632970012075,192.31731942537323 -42.22998015438757 863.6901235099294,-1
000002,000844,9,1,-0.4647277322951539 0.8818247531750527 -0.08008270427227948 0.6154525563115345 0.25667168664861795 -0.7452099007679323 -0.6365895740313388 -0.395606812328493 -0.6620037494409585,309.78300414906573 -121.86072791263506 852.2479550714959,-1
000002,000850,9,1,-0.683625764857798 0.7260680067026698 -0.07403420334819999 0.3081435070654658 0.19519046544380048 -0.9311005645220223 -0.661591560311939 -0.6593374946434072 -0.35717037318535994,134.0518511352571 -98.88763541437932 860.6580099291167,-1
000002,000856,9,1,-0.9737412606799304 0.1912757453127301 0.12345665840496214 0.02805876347298361 0.6389906996931068 -0.7687025377205938 -0.22592180736225323 -0.745053336990563 -0.6275785703777652,135.86448716209978 77.69553726380774 828.7730152191062,-1
000002,000867,9,1,-0.2585249166049741 0.8041725783331347 -0.5352301670790145 0.8480219647758983 -0.07641654256097474 -0.5244227867671771 -0.46262686341371967 -0.5894632951084109 -0.662200429604148,181.41863625526096 -53.32499363595773 819.4332923609818,-1
000002,000871,9,1,-0.5201118187051341 0.7531413037948858 -0.4028174183937151 0.6519438695311184 0.04539426531836033 -0.7569072279064314 -0.5517724957118012 -0.6562907413596096 -0.5146159497932652,39.629450777372064 -33.71737750552368 757.418113586351,-1
000002,000877,9,1,-0.9802728686187339 0.1126521409184552 0.16240258063370513 -0.12578355155293283 0.2782381095836933 -0.9522405434206338 -0.15245852291272297 -0.9538831424874756 -0.25857948346589565,-14.144605626406431 143.97321038838368 789.6182941658604,-1
000002,000883,9,1,-0.8954471879249571 0.42857596685704136 -0.12040338147177929 0.17435174481431892 0.08877391159274384 -0.9806735755085513 -0.40960444665248597 -0.8991339351025941 -0.15421531710383019,88.06337355261277 92.28817733574282 769.7213280166585,-1
000002,000886,9,1,-0.9461572820521029 0.2958331818625919 -0.13141204712214183 0.19748337147047862 0.20585453645870677 -0.9584488655176255 -0.2564892114932523 -0.9327950677015959 -0.25319290286093,24.507169243768992 57.45839621139709 786.8271219241481,-1
000002,000894,9,1,-0.6856879135838495 0.7214084534986448 -0.09696354152835335 0.5959297679336172 0.4798790091364161 -0.6438818589468377 -0.41797104786768696 -0.49928546925676087 -0.758956008826232,212.11598799483184 -61.36140166322385 802.4243579107597,-1
000002,000902,9,1,-0.7628103577306019 0.6389242825745558 0.09947924042482598 0.20605161891926949 0.38600660129761855 -0.89918943170803 -0.6129136060487312 -0.6654131535303844 -0.42610121641353,208.4004380182219 -113.47631586154506 823.3890936645469,-1
000002,000903,9,1,-0.8368139110901249 0.5291821106261655 -0.14038793395190718 0.21726264519337443 0.0856074344512342 -0.9723519476867701 -0.5025330050948159 -0.8441786901834909 -0.18660899718518242,173.44529576184766 21.042097216776796 912.8801993555076,-1
000002,000904,9,1,-0.8577344940938211 0.4935487919954692 -0.14387886419286844 0.24056921182261895 0.13800004730781346 -0.9607717945829204 -0.45433246853450904 -0.8586999341230059 -0.23710004464884626,296.3554385216682 -25.515527148034167 871.1824629,-1
000002,000907,9,1,-0.9436156924019382 -0.32371631070190393 0.06926164334145668 -0.28988210236870354 0.7069638543203332 -0.6451127617795513 0.1598680448967561 -0.6288162361692708 -0.7609417516149319,122.88208024253387 156.70974947129034 691.7261033165263,-1
000002,000909,9,1,-0.8775858472264914 -0.4755290360631858 0.060952576718123735 -0.3212078186050999 0.48882181720784 -0.8110972619165829 0.3559053497978285 -0.7313859219881403 -0.5817267529543775,83.80443842511225 100.93273211518161 711.1952822947975,-1
000002,000918,9,1,-0.9694627478336227 0.2404573968036543 0.04818942711105348 0.1745775679350658 0.8146793996240702 -0.5530100800184756 -0.17223429779448424 -0.5277098787691712 -0.8317797968889767,137.10836557014875 70.76023351644791 764.5070796300977,-1
000002,000925,9,1,-0.9564252526795739 0.28852201196389815 0.04478598719596734 0.07555585361721186 0.3927320879788705 -0.9165439542411106 -0.28203199999465944 -0.8732219395343092 -0.3974184133818557,122.00959403075132 -1.2263540913041329 652.3023594367805,-1
000002,000934,9,1,-0.9927750259016961 0.11997853804977852 -0.0017024550873360814 0.06912790538154355 0.5602939125532451 -0.8254041823575508 -0.09807691187760201 -0.8195583456735794 -0.5645396685737316,83.15902130105583 -0.3580630417382995 656.0274023521288,-1
000002,000942,9,1,-0.8843486660592168 0.42023600208027223 0.2032956944818881 0.1624177929084661 0.6852507098734876 -0.7099661436749104 -0.4376618527882301 -0.5948387741005711 -0.6742543551513058,107.22663830893057 3.508897166241374 703.3814709569945,-1
000002,000952,9,1,-0.907913134619931 -0.099206551641711 0.4072490639596017 -0.4174126326761737 0.30257209194804624 -0.8568645302826633 -0.03821562595270275 -0.9479494655758524 -0.31611924434855165,37.53461972507041 15.223587114286937 686.3443847009294,-1
000002,000956,9,1,-0.9675588943665436 -0.21912448237600857 0.1257547102721726 -0.17432943918774774 0.21877976650024733 -0.9600753410032891 0.1828634259896635 -0.9508521835666902 -0.24988215710966577,34.622712269253554 24.90865806870953 669.3677203023226,-1
000002,000961,9,1,-0.5472866775811287 0.8357754755062687 -0.04423400371297828 0.7845307869333871 0.4938858309601871 -0.37495097056874765 -0.29152827803815184 -0.2399086086805467 -0.9259887270291547,140.76541176105096 -40.161864651056376 736.587165041425,-1
000002,000968,9,1,-0.2842000923620004 0.9194098352016457 -0.2718747182727981 0.7459246403435343 0.03387984730626081 -0.6651680891886453 -0.6023510093208109 -0.39183888382980503 -0.6954391063847454,98.0222076839004 -149.5192926372143 787.9722591274837,-1
000002,000969,9,1,-0.3536969958619368 0.8797819638429378 -0.3176194754968662 0.8271567750069193 0.13565681960129017 -0.5453520852218456 -0.4367036806329819 -0.4556104952613868 -0.77569902148274,165.78337260939213 -77.24063756062272 798.5225924239388,-1
000002,000972,9,1,-0.9765301894731475 -0.1867545507591186 -0.1072917835544667 -0.05429787440807804 0.6955248691153809 -0.7164474141741298 0.208423918690498 -0.6938068133225505 -0.6893414073627846,133.09838420352543 94.72415065826534 607.3668309071078,-1
000002,000982,9,1,-0.9868771685019783 -0.13924633977600814 -0.08175519034594922 -0.10088912717738625 0.9270482490496198 -0.36111345578837106 0.12607473302332659 -0.34812641496016805 -0.9289311927694525,13.762820383278735 92.45734620804836 668.0105235800751,-1
000002,000984,9,1,-0.997219884889479 -0.05430697303986435 -0.05102209188441483 -0.04455570297071652 0.9834026869280906 -0.17588048406630236 0.059726798958252454 -0.1731181909039573 -0.983088399618438,41.85283774946543 112.83762753752362 675.368898789251,-1
000002,000991,9,1,-0.9980901443750733 -0.00398493619260927 -0.06164563232611338 0.05716924182792533 0.3184868617461437 -0.9462017737691644 0.023403877673704318 -0.9479188990513026 -0.3176507820409086,81.00651058674957 -0.9148993081563634 619.1301802300322,-1
000002,001001,9,1,-0.6497009956953115 0.7601897946225826 0.0003038818790678244 0.4187201579593402 0.3581954021443102 -0.8344875572476687 -0.6344777738510831 -0.5420401553707543 -0.551026700310087,160.2287333762999 -118.74150409172857 722.4771033278779,-1
